Astrocytes,Immune,Neurons,Oligos,Vascular
0.8123620356542087,0.0731891227031524,0.05635130771041518,0.046086704451345925,0.012010829480877791
0.7061753482887407,0.12974335285475286,0.11135457489782523,0.02840427705748747,0.024322446901193683
0.8199582915145767,0.006252249035248287,0.1304634196534443,0.03118662177749144,0.012139418019239304
0.7511572371061874,0.00580624554231102,0.08469373566435638,0.08618846103923423,0.07215432064791094
0.8829989973347863,0.06170475284336268,0.012839040356333431,0.02896116838591911,0.013496041079598512
0.9908753883293675,0.0022051743501999696,0.0026727793038022214,0.0025456931529026015,0.001700964863727706
0.8070259980080767,0.03068515717700494,0.05927614457044334,0.015392491289910182,0.08762020895456481
0.7880464524154114,0.0017406668422722104,0.024582580806522546,0.08794211232078807,0.0976881876150058
0.7992694074557947,0.008925932972451351,0.043673370167093495,0.045667713575128395,0.10246357582953211
0.8683831592708489,0.045810648649914486,0.029341192670818143,0.03106063475491342,0.025404364653505103
0.8525712073494108,0.05760368791273876,0.015822699691452197,0.026047204808038092,0.04795520023836011
0.8900211269531271,0.03479780180741529,0.03209097687832924,0.007449823899570272,0.03564027046155813
0.958219174976903,0.0002510034300639708,0.018440293125643145,0.015070429570723555,0.008019098896666322
0.8674306006052024,0.0552194121342648,0.008873181736151118,0.034719673209430923,0.03375713231495077
0.882869300193969,0.03381779110095223,0.0034632391157436884,0.01874597403735793,0.06110369555197712
0.7726165814534501,0.06369057416072445,0.07216995259300558,0.022518183538179543,0.0690047082546403
0.8524596330222156,0.0488772932385714,0.060295318794554326,0.022896947049243353,0.0154708078954153
0.8160206038901612,0.11272897316136958,0.016549694157509075,0.04104497560245887,0.013655753188501318
0.8665602434798387,0.04011555564970246,0.01831781070595535,0.007051572141489236,0.06795481802301422
0.9568972875634277,0.0056629730777920185,0.012428472585504915,0.011912702300396885,0.013098564472878443
0.7015184751538656,0.023375022976235376,0.07976382290075368,0.10057373371949034,0.09476894524965504
0.9239474215354072,0.018132215013677427,0.02370308138075031,0.01835494842771117,0.015862333642453895
0.967613966553134,0.00815811248480014,0.010273749302283261,0.006497098696987215,0.007457072962795357
0.9983651532392024,0.00032271246689962146,0.0001919750201622144,0.0006066982950717208,0.0005134609786640581
0.7883346676208757,0.04731772492975431,0.10458085807639826,0.038940838001338324,0.020825911371633456
0.8845021680097509,0.04527169042654419,0.006405550739313171,0.023701397210099402,0.04011919361429232
0.7889530430943396,0.06470948150869246,0.03949446056038998,0.09426522090732577,0.01257779392925221
0.715230559311819,0.1307128840271448,0.004071506967132401,0.08534134495753541,0.0646437047363684
0.9467801681978975,0.01077236019897512,0.0038000476747248957,0.015618930260805696,0.023028493667596836
0.8621905364830319,0.030761173411996922,0.035039808106105554,0.04709279400017177,0.02491568799869387
0.7235369144026798,0.002781219887342358,0.10561177128195554,0.0917150435585933,0.07635505086942906
0.9143787768100187,0.021469500214694806,0.009103400092955653,0.031052047571173677,0.023996275311157188
0.7360493943416926,0.10752391941597768,0.02887154843044375,0.029613134107323358,0.09794200370456263
0.894932104792829,0.0023542988795727075,0.04649652004850202,0.043436482968208685,0.012780593310887552
0.8927257834618947,0.0013364622556938475,0.02952954564241682,0.04739796726961424,0.02901024137038042
0.8877819010304718,0.04715188130389963,0.037442378765584136,0.011878641561121075,0.015745197338923322
0.7956926890881284,0.0878680552762625,0.002420309493095254,0.08470570830952548,0.02931323783298836
0.9410442791154545,0.008244016521231377,0.005186649697245722,0.0219408576657484,0.02358419700031998
0.771579057937102,0.07628303179467033,0.0830226033457873,0.026731654821471575,0.042383652100968776
0.7299954661485589,0.006522485362993242,0.11689330084066235,0.10330836872463221,0.04328037892315328
0.7275112441775443,0.07090871225548741,0.06517215004117724,0.025038572992739244,0.11136932053305176
0.8324591504120131,0.09923861129754798,0.039229643394179795,0.013087206712177928,0.015985388184081156
0.9465580177871069,0.020302096772818926,0.0023385047699458796,0.0024387999118617508,0.028362580758266528
0.805065474010094,0.06073639076448144,0.041309645867181645,0.03241769496418766,0.06047079439405527
0.8405981925982379,0.00952887417827131,0.020108971645642022,0.019890367027877175,0.10987359454997161
0.7670787515558357,0.11283102947732135,0.0014237643284432085,0.11361074103314901,0.005055713605250721
0.7650427319759473,0.02917768822544716,0.09866436202699906,0.06904950751868602,0.03806571025292047
0.7832143548943398,0.02566795739940799,0.06326875148787182,0.048212704776415566,0.07963623144196484
0.7399555375671248,0.009836263808297246,0.1214077832744163,0.05378151272098226,0.07501890262917933
0.8129390100634148,0.05963824581616937,0.0726410147889069,0.011067253918854974,0.04371447541265393
0.7110465602907974,0.04228857874603294,0.004319453187443546,0.023808570133198936,0.2185368376425272
0.7742044305229593,0.047539362063134055,0.01362831234396939,0.10066711262447388,0.06396078244546341
0.856092310271138,0.041216265822900305,0.02775953203059412,0.04547831519012903,0.02945357668523857
0.8860928654060394,0.07509616801026175,0.022714461027637245,0.014545191761607536,0.0015513137944540688
0.9179191097950685,0.020362123915498017,0.016771497568566884,0.03386474391865045,0.01108252480221612
0.9779762875484483,0.0049500270001634405,0.0025975906766288023,0.004618287226170996,0.009857807548588417
0.7455708080536882,0.027019854405684347,0.12473309054988194,0.035399218366054905,0.06727702862469057
0.803524788346716,0.04669786691829295,0.004272522120456383,0.07371236519111914,0.0717924574234155
0.9071184485888095,0.00235818592027969,0.047953592830417065,0.0376653589405374,0.00490441371995632
0.960490332110676,0.0015146394725605212,0.010703892438990163,0.017674830392395455,0.009616305585377832
0.7110049608671793,0.030747217144844168,0.08688710233905395,0.10903760184328005,0.062323117805642474
0.8691895276056509,0.06474880958001376,0.0068702337197271285,0.04122984272591152,0.017961586368696648
0.7260760864262271,0.06393887060335843,0.06985943269807227,0.08873948531911456,0.051386124953227634
0.7733059466393963,0.06381984563610518,0.04231387153917496,0.1195952702266469,0.0009650659586766304
0.7240701236984927,0.07131844843896022,0.05580215325572962,0.13357520948198442,0.015234065124833072
0.7512662762170197,0.061001480229632137,0.08478858281561373,0.050794444030436016,0.05214921670729842
0.9132857436510244,0.007962031444074666,0.029382554808626168,0.02114514508934058,0.028224525006934148
0.8781649292673697,0.023417319269699245,0.028810563244812737,0.03479348268478717,0.034813705533331185
0.9044508166671787,0.03243856553579083,0.025415625159629317,0.02012193436270868,0.01757305827469243
0.9798814201299864,0.007969307540147937,0.0016486768326257255,0.0030498529848926137,0.007450742512347363
0.9385801935579671,0.009213370929905228,0.00747826686457007,0.007506134223659372,0.03722203442389826
0.8177335322267906,0.07103256599447447,0.03819850696159737,0.03278881758319677,0.04024657723394083
0.8174446330604506,0.07085295414121844,0.008874860456832617,0.03051028920357221,0.07231726313792618
0.886021826778554,0.025680967668847112,0.0430322414699605,0.03796329252461974,0.007301671558018611
0.9630296910285248,0.00596431346669643,0.014318904823963564,0.001928902553389209,0.014758188127426037
0.9166757705179198,0.02309460770341548,0.020564307934270915,0.022257852592092123,0.01740746125230165
0.8270790587261448,0.025482559545753975,0.05442478231406838,0.08070143526634739,0.012312164147685404
0.8954101632964738,0.06243751409935263,0.03031301739181107,0.00557965403500434,0.006259651177358142
0.9954523596887004,0.0013851098729357396,0.00020583133197123345,0.001520407786873952,0.0014362913195186922
0.8005591724937703,0.10403236137518923,0.0006002095300886124,0.04321424589790985,0.05159401070304203
0.028038305937236874,0.9212503744329246,0.013925893183668863,0.02805204399114057,0.008733382455029122
0.05350190725280444,0.874176505083413,0.001108046769840754,0.05614822094922095,0.015065319944720814
0.054807482785570995,0.8506585030993727,0.006174647955252162,0.06903674828143498,0.019322617878369124
0.016779444315995314,0.9326582850085032,0.01941141420110878,0.016315764699843655,0.014835091774549013
0.11161045159018157,0.7468457792098571,0.1027173900844826,0.0042239012041939755,0.03460247791128477
0.019042029187622714,0.8958238323555624,0.007950053715301216,0.019440918181744482,0.0577431665597692
0.0023843508420880763,0.9544384286400651,0.017020712742416788,0.012485738262428128,0.013670769513001887
0.06856209099269571,0.8035576434643826,0.032140514588975114,0.07629101851410515,0.019448732439841392
0.04879422065264419,0.754632141646475,0.05158021403311588,0.07465274621186872,0.07034067745589626
0.051156641514350294,0.7515037857544911,0.0034549391651355604,0.17176348826915191,0.022121145296871158
0.011516957474202458,0.9160607744896887,0.015130481977083596,0.028493819901142067,0.028797966157883177
0.03865752255332997,0.8266108178652062,0.10472209447210462,0.0201409989516109,0.009868566157748317
0.045565349871741476,0.8831214001023873,0.019038594809960032,0.0457947896362118,0.006479865579699429
0.019939058808312208,0.9539223547943672,0.003228538186834148,0.013011088695104613,0.009898959515381877
0.016321939084759714,0.8304482015811239,0.05425822976180669,0.05295417861775361,0.04601745095455613
0.005098528924782593,0.8563902002240709,0.056343343128870384,0.04459576968664558,0.03757215803563057
0.08620817691651389,0.7663628325458807,0.08240181307529718,0.003441352258239508,0.061585825204068745
0.0067735373273746435,0.9773188586129591,0.006586653625405988,0.003307842463305635,0.0060131079709546485
0.009390365407933659,0.9654995069569843,0.007810155525193894,0.007162956681370441,0.010137015428517734
4.581415992835498e-07,0.9971023940025332,0.0003577449316380449,0.0007405994539272026,0.00179880347030227
0.009836222976565159,0.8194862151926906,0.03608112186338625,0.05604855555611446,0.07854788441124352
0.11737203330814466,0.7053621804200241,0.05083270666223663,0.04566991747923132,0.08076316213036332
0.001177797091754889,0.9967554729440077,0.00010296699189840585,0.000636279327933439,0.0013274836444055855
0.01918870187988006,0.9402309061389625,0.006591176089114968,0.015790873749588968,0.018198342142453465
0.007857414365867977,0.9447499374971853,0.00783560533485651,0.018798876290588715,0.02075816651150152
0.01592454019597965,0.9586382851796351,0.012889709771761682,0.010836289252808473,0.001711175599815067
0.003801295501744263,0.9049776290978788,0.04250167455208434,0.024723197379405988,0.023996203468886583
0.00914849862081693,0.9635889959065473,0.0075541122787892824,0.009758329380611155,0.009950063813235285
0.08526340070947391,0.7475815315879221,0.08438961480536052,0.0028309746770420986,0.07993447822020142
0.0004988399962842033,0.8522403201282509,0.02242232660404845,0.04819198307083693,0.0766465302005795
0.00889668434482545,0.9520364508223655,0.004072232803661914,0.017099068986422182,0.017895563042724914
0.0018191164821339061,0.8862746553302431,0.0346601765753676,0.03871471557790064,0.038531336034354775
0.12531864607089496,0.8115500587716173,0.038647544554224415,0.0001575662952309305,0.024326184308032336
0.018532874640680902,0.9519841494017416,0.00551686127595229,0.0031495156413609564,0.020816599040264262
0.05814723538050407,0.7962228221314382,0.05986610018369434,0.016082227573748314,0.069681614730615
0.017205721200576667,0.9329790558375225,0.01885418709935952,0.016984817210830408,0.013976218651710911
0.04465558181323176,0.879498179536728,0.01820175097944819,0.04106039522125906,0.01658409244933294
0.03941991485688443,0.839379578990743,0.02291454432890452,0.05646588435376753,0.04182007746970053
0.09988137606398596,0.7726135047587582,0.014425043581371783,0.050503217218097855,0.06257685837778616
0.001832228140794867,0.96476004574588,0.018309594873435787,0.007945525980207329,0.007152605259681981
0.12150429586141331,0.7094758434476925,0.00674498144029004,0.07025098244228754,0.09202389680831653
0.04210334705135806,0.8659004357775875,0.0552356607032962,0.0338886676101555,0.0028718888576027756
0.015703260937627323,0.8847226065826728,0.02244075569515862,0.03552276272978194,0.04161061405475934
0.08919201628448663,0.724457946865728,0.04878298131755713,0.09254028370154613,0.045026771830682155
7.722270315164149e-05,0.9962948691208173,0.0016693060490705967,0.001114130644963181,0.0008444714819972522
0.038406625794427295,0.8077453088998694,0.04660787004000017,0.08364752648098112,0.023592668784722028
0.012068491963640798,0.8239093523943091,0.07631584480735024,0.017001938445983727,0.07070437238871617
0.04440359040060472,0.7936444170089341,0.09547188878205722,0.0010048526241203872,0.0654752511842836
0.0067818361462815505,0.9008171204378084,0.020911487322453626,0.027353384659383802,0.044136171434072655
0.015278731098224562,0.9532511346907591,0.01110066185031503,0.01646589906141851,0.0039035732992828342
0.015927291946270322,0.7265666752669724,0.09013953095277845,0.10610200610406512,0.06126449572991376
0.008475281619147308,0.9603754883560066,0.009609497583694311,0.009110950766476,0.012428781674675772
0.001236785197940928,0.9890040498461197,0.0032051554432003583,0.004740798112333008,0.0018132114004060348
0.08562694071190316,0.7647025457193151,0.051185533199827465,0.08463244377672753,0.01385253659222676
0.010226715794124307,0.9612260351011777,0.007411581975779304,0.00965241603440417,0.011483251094514564
0.058142797326463595,0.7985143683655243,0.056262829045691666,0.051982641379569844,0.03509736388275062
0.004594384327832,0.9854435678997974,0.004958115848577762,0.004413242591777877,0.0005906893320149944
0.005204315149496284,0.9863980090099922,0.0030213050678261624,0.0015672262878747506,0.003809144484810606
0.06718047283909442,0.7268879017464825,0.03743656797981874,0.09143477047225156,0.07706028696235276
0.0071103866856423465,0.9380221774443511,0.035229875331535786,0.016296385399062516,0.003341175139408224
0.023677198011231578,0.7684239315846797,0.06822291860714014,0.04589596460861247,0.0937799871883361
0.050017749242825135,0.7906181505504385,0.05816428922180033,0.04588124954589696,0.05531856143903906
0.06738516524540357,0.8418675896899546,0.02246087396989266,0.0393054402874428,0.028980930807306383
0.0003004394998946202,0.9963356560644662,0.0015307040525867725,0.0008903074522709392,0.0009428929307814992
0.02600581883488698,0.8735160751019228,0.007533413701626248,0.008125209748978955,0.08481948261258508
0.006073609397797441,0.9401069523467085,0.014033598146293059,0.022871118058272938,0.016914722050928078
0.05330912560420689,0.8673350252110075,0.033941951821663985,0.004388056465993128,0.041025840897128525
0.04213331041963041,0.7003710039278228,0.13741834671934813,0.06650601770801463,0.05357132122518406
0.012412754044110252,0.9526099883129264,0.014858042506878659,0.0021235487379808755,0.01799566639810378
0.008930186657435946,0.8080409222414557,0.09546948901953566,0.05642859864027371,0.031130803441298947
0.02779840981534128,0.8699726086514256,0.03562591554565193,0.028234606206715297,0.03836845978086592
0.0242643127430335,0.945620501222281,0.0017223402844431018,0.011569962325664504,0.016822883424577866
0.008654246770828758,0.9694784881878118,0.0033135031145390815,0.00994262960832019,0.008611132318500178
0.002624046125810107,0.989746648345966,0.0018918472366768581,0.0030708580569786393,0.002666600234568355
0.019254782255739726,0.9342284758205319,0.0024356898335247596,0.04166141073476698,0.0024196413554366135
0.03338358979342094,0.9074854166707957,0.03420125471007296,0.012363567500952816,0.012566171324757557
0.01780732064968944,0.8349353946463968,0.03364877280499072,0.03789151226580933,0.07571699963311374
0.04516809900425132,0.705757683046917,0.1321751352388148,0.023836296825419042,0.09306278588459786
0.009022376245567933,0.7193850039532258,0.07860041254708623,0.05626151585394887,0.13673069140017122
0.021987448722668928,0.9212071232163399,0.017362415179552716,0.01822100128595863,0.02122201159547982
0.06362443292316929,0.04046046561402482,0.7946220687244038,0.023546659929448467,0.07774637280895362
0.030591558610292443,0.04062541474794005,0.9212301306164457,0.0024888411242066956,0.005064054901115163
0.0626233081153304,0.0477260795097323,0.7106712601106645,0.056881288617750714,0.12209806364652206
0.013634011807666676,0.09149362907064269,0.7522328006002252,0.105913888800409,0.03672566972105637
0.0324818009781119,0.01749253552325826,0.8873990706562791,0.010323226674463384,0.05230336616788735
0.009723509670030444,0.003779178283161948,0.9687443792115646,0.014314059076025459,0.003438873759217505
0.09414833013663139,0.022785860949221234,0.8014802517983495,0.03775403670935529,0.04383152040644262
0.10277369460700127,0.06953530183750728,0.703814466996068,0.03282022214153381,0.09105631441788964
0.018319923025680866,0.0054634978923747725,0.867343967653321,0.03246759069562607,0.07640502073299729
0.0050903356573217965,0.012060060524076398,0.9453355989570835,0.020043244885037847,0.017470759976480437
0.07658405188433515,0.11638597290022845,0.7281270761936669,0.057560234820392,0.02134266420137749
0.08212282339778752,0.06137724207548795,0.7581861601803325,0.029022372297259364,0.06929140204913271
0.04781750940905034,0.047361700543847134,0.8572477512178487,0.04695101690512489,0.0006220219241289541
0.048189473016568715,0.011970724279866405,0.8410957162305357,0.03699044481687991,0.06175364165614927
0.024554815563676006,0.052499952690713184,0.7500655353564613,0.05448437886473663,0.11839531752441293
0.0808108535024531,0.09953914997199721,0.7158411881405584,0.10000028196660331,0.0038085264183879493
0.03652329471764664,0.02395639322490393,0.9123042804222747,0.02038703100621451,0.0068290006289601765
0.02679141309782687,0.036357865543629124,0.8794675882191216,0.0339821641771025,0.023400968962319885
0.022822739032733342,0.029309647244670056,0.9241658763226113,0.0062589850850602105,0.01744275231492512
0.022396593553887633,0.07052630434121598,0.8554236298716447,0.01944046520152167,0.03221300703173005
0.09907848503230983,0.09967880715010521,0.7149526083348824,0.08551962421530486,0.0007704752673977145
0.13089403075641703,0.020644726067606447,0.7040207879296496,0.01679895880119469,0.1276414964451322
0.09173482754543441,0.006324282188951926,0.7196098472693155,0.011787982737134594,0.17054306025916355
0.062349604852687826,0.09049140645220016,0.7065470190326468,0.052616462137459165,0.08799550752500598
0.07754718723432553,0.02348289613152313,0.7769590187332743,0.06701539772670458,0.05499550017417244
0.09324003098269801,0.06151827218083357,0.7752899984020893,0.05737134203234452,0.012580356402034533
0.015987794718012708,0.05987415123179349,0.8838700482585847,0.0303026599137775,0.009965345877831579
0.02964327055781206,0.00338443466484513,0.8952920401452862,0.027853624863567468,0.04382662976848916
0.04568596725749682,0.10469820486356786,0.7494119060296888,0.07185815517089651,0.028345766678350016
0.002617187605669402,9.209985627354672e-05,0.9954968968422625,0.0002210490805736359,0.0015727666152209128
0.05843343692867318,0.07266222873935521,0.8141260022522687,0.015351460299906137,0.039426871779796736
0.011990747930071443,0.027710688299059854,0.9393742478847682,0.016141139877488647,0.004783176008611855
0.14124973914421596,0.02020847249689492,0.7830713462133426,0.029012747821478755,0.026457694324067773
0.01035634218868894,0.019825336260843113,0.9410810606324606,0.008563772064703738,0.020173488853303653
0.0017418608494169953,0.07733610673971134,0.7486700217347437,0.07286577816566175,0.09938623251046619
0.000984711568591109,0.006753770532706117,0.9754623998868326,0.008785311533786047,0.008013806478084137
0.010883123877139923,0.08976665184405029,0.7338829625233521,0.05244588286651379,0.11302137888894392
0.055872786059929166,0.03129384235570438,0.8057124839828963,0.06501334578892097,0.04210754181254917
0.004949742856269356,0.018237285010843023,0.9567211776717359,0.006084811687571795,0.014006982773579904
0.04224280232886978,0.06068414420500722,0.7911839203722171,0.05634448144593262,0.04954465164797333
0.07052643040473858,0.06867053358221206,0.7507243211067978,0.04102655404267968,0.0690521608635719
0.10165077496367086,0.0134084161443811,0.7081525048272532,0.07445025343213392,0.10233805063256089
0.08252389360773024,0.02801106205604571,0.7914253286158399,0.0868380857192404,0.011201630001143747
0.06469668148187344,0.03213847954498925,0.7903795782280001,0.03242839228503413,0.08035686846010309
0.02859275505544052,0.045105091138254914,0.8878528514779415,0.015352876201954259,0.023096426126408835
0.06404585744716569,0.09672498942601997,0.7660675904131945,0.06888038124702675,0.004281181466593082
0.025457652831941072,0.034907437151512816,0.8291282230962971,0.062159241866532614,0.04834744505371644
0.017102008548341836,0.036904863343093036,0.9107901319256548,0.007507170243429497,0.0276958259394808
0.10310610985081607,0.0003378385438346857,0.8220915728902791,0.004599221387556862,0.06986525732751324
0.0616050790729271,0.02506138200464222,0.7994041021309152,0.07805798684899949,0.035871449942516044
0.040732194334281775,0.09647350890210916,0.7324077262392074,0.06876217865913169,0.06162439186526998
0.014381779161426555,0.023803618251582857,0.9454620006244743,0.0155499641484498,0.0008026378140665143
0.026998808151738423,0.05961839138929795,0.8265484535616494,0.04690277832975906,0.03993156856755514
5.443588099108379e-05,0.01856681678186685,0.9588641508737237,0.021465159587400386,0.0010494368760180016
0.0064031839568230295,0.005085945736992427,0.9700963804222815,0.011877685523580369,0.006536804360322654
0.024010290531487656,0.026737235048709562,0.7347212820036115,0.09924480930542898,0.11528638311076225
0.08356744200188118,0.09924911326997474,0.7885122122962468,0.007520902622613904,0.021150329809283382
0.015489569090870313,0.009616629762907202,0.953681308896972,0.01505281006817892,0.0061596821810715584
0.054451823317547145,0.007090065827195684,0.873779906146158,0.06379549598679454,0.0008827087223046642
0.08510305340372265,0.10573777487185146,0.7134335351514004,0.03795131356999332,0.05777432300303213
0.08156915059743428,0.05113700990694415,0.7303779743845477,0.08104764385419944,0.05586822125687447
0.07791139157692768,0.14859467246749392,0.7082610159608396,0.05922203297825601,0.006010887016482852
0.011679903610773404,0.07503648613782368,0.846355359157722,0.03326624271387324,0.033662008379807686
0.0027409095400905414,0.0027129714406279068,0.9883406456222779,0.0023954136856829044,0.0038100597113207907
0.01778698308178913,0.004444675952591059,0.9480444921389257,0.012730275338694618,0.016993573487999472
0.05752140781506339,0.008660686759460363,0.8748953278493807,0.04699445808178269,0.011928119494312831
0.005568818339346628,0.06711254038617952,0.8185413229792955,0.0766356071730627,0.03214171112211568
0.10384699196255748,0.016397350366373565,0.7391957031470389,0.10433316435503381,0.03622679016899629
0.10055792968741477,0.06555285162891687,0.728101726211773,0.040302990938329744,0.06548450153356558
0.031054530160151313,0.04656342983815536,0.8476976440003545,0.05275854133315303,0.021925854668185772
0.05305576215344024,0.055944892510570526,0.8317449449901244,0.003912464095072337,0.055341936250792485
0.03661604584082622,0.03508724938830591,0.9063166127291682,0.006811174029239959,0.015168918012459714
0.000243887786741405,0.0002985330753730012,0.9993462567045934,0.00010616402383799878,5.158409454167507e-06
0.018713095528869426,0.01602674789474444,0.9260283766770907,0.018644785887727503,0.02058699401156793
0.043398234204285235,0.07784508375869026,0.7073495344802957,0.08960547700663453,0.08180167055009423
0.00643522092316646,0.04798420451101965,0.9045245932270484,0.013803141122482172,0.027252840216283353
0.014784816881961885,0.01077676834057077,0.9590202300571005,0.005612088904761974,0.009806095815604904
0.04705988846988007,0.085905763807365,0.7643884219776408,0.02124347148203464,0.08140245426307949
0.03751550594798566,0.03301704348504628,0.8911272511242715,0.01672715730185882,0.021613042140837764
0.07029876374635413,0.0402341482926155,0.7814228141340143,0.018941121743586198,0.08910315208342992
0.01997920762867433,0.030153899810663763,0.019635185187606995,0.9145116156552051,0.01572009171784981
0.054323250805053236,0.040775289459643524,0.12708089835047742,0.730567716419804,0.04725284496502183
0.09883191564979198,0.07126335370346377,0.012246592750635091,0.813194098421897,0.004464039474212144
0.019848253432395192,0.08477063124832974,0.07922337149676516,0.7013089808950926,0.11484876292741726
0.04462355028049658,0.07030890481686419,0.007372875551435526,0.8426219823550221,0.03507268699618163
0.004808121252877252,0.07049100954373574,0.03825046392463799,0.8109439767961529,0.07550642848259607
0.042480672943919114,0.04022830048790872,0.0019173841473143268,0.8943139513188765,0.021059691101981363
0.01915638199629817,0.0345770559461882,0.00965817614328515,0.8934497812066942,0.04315860470753433
0.02259930098676424,0.004150232764747534,0.02859352647779691,0.9346046004798901,0.010052339290801177
0.04285162755413375,0.03515057526956027,0.04616185534060714,0.8240928024755906,0.051743139360108256
0.08082775733188549,0.04823512783166377,0.02833684214651058,0.8192942738776108,0.02330599881232936
0.009982601316513894,0.02205530863103686,0.0014576348438735233,0.9421466612094648,0.024357793999110946
0.027521796962524898,0.03212003884734202,0.026566903682576054,0.8711948871642805,0.04259637334327651
0.02464131502162806,0.021413678208078758,0.01629762230860866,0.9341128370712941,0.0035345473903904134
0.07629623916192319,0.06613690054651418,0.112484303983246,0.7179149466912668,0.027167609617049903
0.0056072467398325596,0.019849481630365026,0.016952796128247575,0.9330784030981676,0.024512072403387257
0.01840252973458329,0.011232295112344389,0.01950721123507925,0.9433371309800412,0.007520832937951838
0.00353741336081449,0.040258247144923064,0.040263896191833806,0.8616439027118856,0.05429654059054303
0.05266096330834007,0.024512374737546888,0.06566781154113614,0.7905750100232505,0.06658384038972642
0.04768871993444077,0.058324258928719834,0.0898417065329584,0.7540923806268334,0.05005293397704763
0.03093810778520988,0.052038537590603375,0.008597375928764524,0.8581697982261738,0.050256180469248436
0.02458715640759435,0.04139790541180827,0.05622977301382989,0.8708619338701311,0.006923231296636394
0.011881231403616311,0.02336855498814839,0.013225324162487836,0.9196367820528868,0.031888107392860666
0.01217082379839499,0.03152261892983488,0.03280127199455988,0.9154993526116012,0.008005932665609065
0.01538147523855275,0.007392197338034327,0.010823813616585564,0.9506223492526378,0.015780164554189582
0.007503594868592908,0.03371939888252967,0.002294336969535563,0.918658432680984,0.03782423659835783
0.0031542356426800815,0.0032692977420407366,0.003070540275250432,0.9864540979115404,0.004051828428488375
0.023118072249362635,0.05098162400252133,0.016248457874390783,0.8731367758114962,0.036515070062229066
0.013823275807198204,0.000390410636802361,0.011914348516760029,0.963206683661578,0.010665281377661385
0.04684400546405679,0.07809420806830247,0.06117192016940509,0.7674670650447737,0.04642280125346196
0.00989543955530725,0.009331919498641577,0.0043854336814520755,0.9682282907599753,0.0081589165046238
0.04239123037434538,0.08512841106267784,0.0047036367477346925,0.7765927229511794,0.09118399886406267
0.09450294011665214,0.005445729058430692,0.0830725211969744,0.7285159136598078,0.08846289596813495
0.03846067469378679,0.12346092190373716,0.05195964516358198,0.7136209844406077,0.07249777379828634
0.08407242686757783,0.08400161796887791,0.06368103060425205,0.7678375993749016,0.0004073251843906163
0.0431435884338966,0.03464990872787209,0.05092872792049776,0.8247831713745565,0.04649460354317709
0.0080746170897099,0.00985796252943687,0.007549665069601025,0.970582059024745,0.003935696286507167
0.005874135783052518,0.027405575949169914,0.020494464824205978,0.9127962485417829,0.03342957490178872
0.006579914848484498,0.028361680442480025,0.039534360949863935,0.8896478497559372,0.035876194003234295
0.023243537882807853,0.015023822636519385,0.02996832257128435,0.909162814572891,0.02260150233649736
0.03432639699110277,0.05152283718380795,0.16059647310598935,0.7155685898555232,0.037985702863576734
0.004313768117922062,0.003307680027017233,0.0014171974488415631,0.9841272001325557,0.00683415427366342
0.08898957115624784,0.0687228620619804,0.09409216228531377,0.7373148493723972,0.01088055512406077
0.00023904538715541223,0.002335437288924318,0.0033239278325476237,0.9901105825768439,0.003991006914528722
0.06821731598395755,0.06274412392424836,0.052531974546861135,0.7680182146989889,0.048488370845944075
0.056775660423129856,0.051639135500236646,0.059604958219410226,0.793858948256539,0.03812129760068425
0.04059327306599384,0.04670415192659424,0.0822106186632095,0.7862898187131034,0.044202137631098974
0.013895832125665458,0.05521646629050957,0.11219074491803345,0.8067564277777634,0.011940528888028169
0.031149146543062254,0.009803274158070292,0.02060906315618599,0.9014437446001621,0.03699477154251937
0.00019047773869135931,0.007467966125829802,0.016211316147358573,0.9744193344869511,0.0017109055011692055
0.026180494782679184,0.021460987923169025,0.024624990818504694,0.9113663284082336,0.016367198067413487
0.007292665392212738,0.030163269959596596,0.008719802354223283,0.9069336547744363,0.04689060751953105
0.0386173015971208,0.01592331226707993,0.000899814205764018,0.8870946334870798,0.05746493844295542
0.06904097263116818,0.03276690667803204,0.0002650666286519705,0.8750670901974456,0.022859963864702265
6.872114112987236e-05,0.007942589147810913,0.006429804597070212,0.9817171287901562,0.003841756323832846
0.05158019762668069,0.01210298961490329,0.03983720073823268,0.8625970224669297,0.03388258955325364
0.05892384529496684,0.012587791135694141,0.10170533607605987,0.7024959826681576,0.12428704482512154
0.06870885784963929,0.01580521839687761,0.03771619533228519,0.8315154940092284,0.04625423441196948
0.022344934458271917,0.0004157761986666551,0.007512897427805325,0.9632410139963445,0.006485377918911565
0.02088386638335402,0.05790570528280157,0.05768337571646909,0.8274314591275158,0.03609559348985951
0.005221350717693383,0.001921424046206667,0.005917170538082235,0.9798131524398284,0.007126902258189355
0.01606455535152957,0.06229894292447574,0.02598832395265791,0.8282486951070277,0.06739948266430908
0.05128475585950258,0.020211581012431146,0.05740507110963515,0.8363036269202966,0.034794965098134525
0.041774781128297925,0.06558406137806845,0.050025255162055006,0.8258168835000914,0.016799018831487218
0.0011912125772422842,0.008640132886997892,0.004630329352068971,0.9781331886575282,0.007405136526162669
0.004698808432532493,0.004533885096187271,0.005200362467182101,0.982759392256035,0.002807551748063099
0.03755675299656596,0.025027323202713867,0.024810152926485144,0.854501697912917,0.05810407296131806
0.040371754671336614,0.075142666496247,0.06996867780610988,0.8063274846379165,0.008189416388390054
0.009183884583791612,0.01136769123639477,0.0116506380237773,0.9576450313504463,0.010152754805590001
0.0629626769342169,0.033560444584831796,0.042680708968920886,0.8233280826641319,0.03746808684789849
0.054634309929421046,0.028289875619720288,0.0064766964512814095,0.8544800049739778,0.056119113025599444
0.060029364867889935,0.08810656798771152,0.047291336852090485,0.7355245117527796,0.0690482185395285
0.02654670184829711,0.027387540121068966,0.03453608391522194,0.8670635329516287,0.044466141163783245
0.013011191371109669,0.01097292475914925,0.0023778536279741138,0.9611580898808152,0.012479940360951772
0.007173693822346433,0.04800639669796739,0.0426142678697624,0.8536854271730455,0.04852021443687826
0.05631521265990901,0.06657750791597107,0.07462223483150711,0.7207137718943799,0.08177127269823292
0.020664699992546554,0.038843717934727115,0.009039686664305204,0.9257914882215508,0.005660407186870352
0.021186454327301634,0.01119408508232835,0.0018172238025405915,0.9564922058684423,0.009310030919387122
0.06116424725878868,0.023191934136786486,0.09483373220490746,0.7125956286728764,0.10821445772664097
0.011040092099761502,0.02539720931456236,0.01423866519846206,0.941144363558034,0.008179669829180081
0.02893008017943049,0.028543929074236727,0.0035010921108945456,0.027034619595159275,0.911990279040279
0.021040931182312525,0.014931556578005536,0.0018095664341372946,0.02086955307599791,0.9413483927295467
0.03543183965078367,0.042385990420076076,0.009700968374674037,0.011133959540559641,0.9013472420139066
0.01045400391654461,0.01142181104450365,0.0028261733112099215,0.008559634545738756,0.9667383771820031
0.04799086412164111,0.0689342524900359,0.06950443591569198,0.057958613747877606,0.7556118337247534
0.06388248561660222,0.028731311930249075,0.036612887693313084,0.03554042959392652,0.8352328851659091
0.012751815908618248,0.031897916988950344,0.03926903220524707,0.0374902551189376,0.8785909797782467
0.04068770006951207,0.0869061099574422,0.04944844622967917,0.07777531277788435,0.7451824309654822
0.014798091972652378,0.0069358627580746466,0.017737672626025804,0.025396655938072478,0.9351317167051747
0.012247454764784246,0.1288891487784837,0.04214692781684663,0.09653969444967511,0.7201767741902103
0.02044831417568202,0.009776804215050271,0.0003298624444293799,0.001931759604014542,0.9675132595608238
0.03824345557583149,0.006788014119703461,0.062498842138456356,0.07176920159480893,0.8207004865711998
0.053895049465189734,0.05516247267520233,0.040890936271116216,0.03860575849066149,0.8114457830978302
0.002615946143151006,0.02198620192133765,0.01501268501227126,0.0012927405342552417,0.9590924263889848
0.010740248185870044,0.04222534509318587,0.027256740103621238,0.039987031775491566,0.8797906348418313
0.02772141146896953,0.041788829365065006,0.055471353482109624,0.03894470570700562,0.8360736999768502
0.05029428563870946,0.00736710521065851,0.004498222239537479,0.05998833275866149,0.8778520541524331
0.01728742083910024,0.0038366532773125403,0.014386964821539401,0.005589911654386131,0.9588990494076617
0.042972452896822506,0.008589457084030392,0.1250089644786364,0.10471090496102761,0.7187182205794831
0.050846855526973746,0.1039938341929717,0.05953609080173906,0.02238528901330696,0.7632379304650085
0.0023080472166550872,0.04124283902830391,0.05494920071855193,0.16717045745278153,0.7343294555837075
0.0723633458985488,0.012620933004687543,0.06664065260353978,0.057631359742845986,0.7907437087503779
0.05654837648330557,0.08067658279767047,0.013765369545555883,0.05828381778990725,0.7907258533835608
0.08355955610334218,0.032938305703002616,0.04250607924222181,0.022283669879295656,0.8187123890721377
0.015119117266017989,0.06731224206445842,0.09155485035936228,0.112525357832696,0.7134884324774653
0.03496311102218955,0.04835861890111753,0.08121520103704567,0.013421628754130189,0.8220414402855171
0.013485499623902166,0.03242846008610495,0.021837940197077313,0.03882452551987002,0.8934235745730456
0.05919770746787994,0.1260823458609011,0.05806645543863754,0.013753154432863532,0.7429003367997179
0.04893899401140291,0.04911580257799467,0.055418630504854696,0.07073276371936175,0.775793809186386
0.015886208733912093,0.023406578303680137,0.018878580595479692,0.0755273900648246,0.8663012423021035
0.018502416111853617,0.016204794348086297,0.02002835663365536,0.013509547082583558,0.9317548858238212
0.04431233643914853,0.002640089246353116,0.037557513060636934,0.013170165709666974,0.9023198955441945
0.0004093257623708442,0.00038758781898514647,0.00011081556797835675,0.00017278274694898412,0.9989194881037167
0.0725992372427988,0.012134493504918912,0.07472680294105495,0.022911393239855565,0.8176280730713718
0.014501837742175321,0.021425004599269864,0.006478694736896367,0.009536894629832485,0.948057568291826
0.05486863919022648,0.060884031800691574,0.028494778116842073,0.07610362866351827,0.7796489222287216
0.02473420274261846,0.015800385731135253,0.019843280501319085,0.03618798173866454,0.9034341492862626
0.007846186644241252,0.00343937908612936,0.0028570617256558845,0.004158445918180227,0.9816989266257933
0.040349286810904494,0.05670912326305001,0.06435672986852133,0.06458727531590225,0.773997584741622
0.06637887933118283,0.041136183771304055,0.040256709442084745,0.08849404429678652,0.7637341831586418
0.025078727470155947,0.04646866489438381,0.058401378203444695,0.11286827950968063,0.7571829499223349
0.10257257369078543,0.013069310506242614,0.06293851076471277,0.0043835346317574585,0.8170360704065017
0.00117098443807296,0.003594133448749104,0.011039642169599745,0.001397486853589009,0.9827977530899892
0.04576529195302087,0.002009542216835227,0.0408008724495757,0.032970079529995346,0.8784542138505729
0.0044415501420531295,0.003579315686492853,0.0005185815965038484,0.0005434627355570855,0.9909170898393931
0.05016172179747681,0.031193799679202026,0.0715175323487538,0.07126951069953412,0.7758574354750333
0.008804538983525012,0.02243042074719869,0.013899363266718626,0.004488391223976069,0.9503772857785816
0.0036191121491788527,0.019887901440724644,0.028439398705051522,0.044293842344694224,0.9037597453603508
0.004819975535620831,0.02941024677568922,0.008193445489843397,0.04315034926566277,0.9144259829331838
0.03259470070497321,0.0668933814603291,0.07157985045572894,0.033036450791349994,0.7958956165876188
0.14367062914396617,0.007279064315550263,0.07279597608487094,0.029210518860571032,0.7470438115950416
0.0020338375799625937,0.018818249874742777,0.015375636356596894,0.012822729003287701,0.95094954718541
0.08051037139977295,0.05222466389070776,0.08164478320082276,0.0416893045278517,0.7439308769808448
0.016369857637038986,0.053788678973538444,0.012839155802798615,0.05276086062792842,0.8642414469586955
0.022337917517701353,0.0201403204817694,0.08186459057730044,0.07835342911471216,0.7973037423085166
0.03259653057111633,0.03400711844846461,0.005950237756078311,0.04638747127400452,0.8810586419503362
0.010103678764894129,0.0016985173581825195,0.0073591289413286794,0.005756060475319896,0.9750826144602748
0.05726597737703768,0.013105328315390963,0.040096078146287004,0.14164514573163425,0.7478874704296501
0.010841079520804564,0.15795751443130968,0.1081291912445943,0.007885473122569278,0.7151867416807222
0.0006962475156176933,0.006885811514750862,0.05956856970048927,0.06298486654335728,0.8698645047257849
0.030025408043276768,0.0407691382783776,0.05837456534184806,0.047682150118331205,0.8231487382181664
0.020615492992228816,0.02007157951832466,0.023820647767986165,0.0475551738183823,0.8879371059030781
0.055341225247327215,0.05223062907879181,0.01057445670029484,0.010254925488508319,0.8715987634850778
0.058989479544336226,0.10493548080844468,0.029115444403360485,0.0965577839760387,0.7104018112678199
0.038214025395741466,0.01840317867131321,0.007246312182380511,0.03420884447719976,0.9019276392733651
0.012451223178456292,0.017948697829758786,0.03734990731395483,0.08086446429552141,0.8513857073823087
0.029141666897352564,0.04978328476178833,0.07504786629743555,0.017781245816343133,0.8282459362270804
0.03581465196415633,0.017345334994876848,0.032213320897314573,0.03366904245925199,0.8809576496844003
0.054784546281118056,0.01775287785974906,0.18344987072161018,0.025710562235904302,0.7183021429016184
0.0869305572532969,0.025592592013474212,0.07830888317207904,0.026391159246985877,0.782776808314164
0.07070114879411724,0.09910418698899878,0.005249740716945237,0.08565280060168659,0.7392921228982522
